[[2.64575131106459, 0.743054402916177, 1.07037680674285, 1.28185428245694, 1.25578990753612, 1.14383204701972, 0.535613335540816, 0.600559408223951, 1.14703991526631, 0.948686401882219, 1.16932737876294, 1.83858563179482, 1.54308129881027, 0.391768803072646, 1.50307083048759, 0.294123720959384, 0.723739229011874, 1.83272031292753, 1.08080150553218, 1.77007613897332, 1.19772304020529, 0.650049711817806, 1.19101121690997, 0.357952944777077, 1.98617079400279, 0.523049975714173], [0.743054402916177, 2.64575131106459, 1.18911148021972, 0.523022950352311, 0.939371904315346, 0.905073125993848, 1.08751181655991, 1.00629565236676, 1.58194286460790, 1.55867085965684, 0.712758172802264, 0.902149942674584, 1.34654066027437, 1.26458759060570, 1.04889818279025, 0.874960207086968, 1.16463179331162, 0.740667872670277, 1.37853968308291, 0.658781029018778, 1.46482916016863, 1.42339400599279, 1.55705301606478, 1.53584598808932, 0.728086659278860, 1.31615156698108], [1.07037680674285, 1.18911148021972, 2.64575131106459, 0.653735129209496, 0.924688478522767, 1.53866507271341, 1.06828406351499, 0.784049389018148, 1.49175948948390, 0.918885252501242, 1.49169596917794, 1.41000276236813, 0.994389540965393, 1.46514458752399, 1.62460096020117, 1.15169584495261, 0.964040141595793, 1.32134172238745, 1.48698185507521, 0.556998277677776, 0.781451248148486, 1.42759626848314, 1.59985808388607, 1.51284694491045, 0.762385676966956, 1.30042328140360], [1.28185428245694, 0.523022950352311, 0.653735129209496, 2.64575131106459, 1.39738038643746, 1.18732621313051, 0.430065158817111, 0.376745877120924, 0.634534858773879, 0.921321258991152, 0.838551276183908, 1.09552753623011, 1.09593282570817, 0.924528201876632, 1.09101590825999, 0.521151283074838, 0.730842660830376, 1.32770793453159, 1.26316878734613, 1.71982827698604, 0.875755618150035, 1.26925448600838, 0.791960912979894, 0.634567652073043, 1.33533249743395, 0.592452506812279], [1.25578990753612, 0.939371904315346, 0.924688478522767, 1.39738038643746, 2.64575131106459, 1.10334479577380, 1.32513047399340, 1.22871648821834, 1.24558784709873, 1.16934689194555, 0.770665269139669, 1.13407316642020, 1.13743022287431, 1.63126150210292, 1.18776655109662, 1.32395263477363, 1.14037358117469, 0.902815898781557, 0.793648153174561, 1.66101925275515, 1.41280906614947, 1.21802435643368, 1.25259105329366, 1.46035746622551, 1.86119102054902, 1.29372875638250], [1.14383204701972, 0.905073125993848, 1.53866507271341, 1.18732621313051, 1.10334479577380, 2.64575131106459, 1.02126382201025, 0.958538674428604, 1.48919121943336, 1.08436020007199, 1.55372064322068, 1.33471002809818, 0.884394498174576, 1.47159322636901, 1.47450724811387, 1.11338787028952, 1.55388955739370, 1.38008005392245, 1.47788407966594, 0.920074888950289, 1.20662965834880, 1.36980436282701, 1.88903310727915, 0.995982198957757, 0.806213394411070, 0.796236280201737], [0.535613335540816, 1.08751181655991, 1.06828406351499, 0.430065158817111, 1.32513047399340, 1.02126382201025, 2.64575131106459, 2.17831903613177, 1.01887492662587, 1.34942865069151, 0.890365836634169, 0.601025771364011, 0.607336433088990, 1.86969599841116, 0.968893691331831, 1.65227740132391, 0.969831168793110, 0.562487724338401, 0.897173235175445, 1.16507422447581, 1.49015068385386, 1.20420935719778, 1.39451317393775, 1.50531304744031, 1.41370638965154, 1.46229792784808], [0.600559408223951, 1.00629565236676, 0.784049389018148, 0.376745877120924, 1.22871648821834, 0.958538674428604, 2.17831903613177, 2.64575131106459, 0.817492382614096, 1.36538162039587, 0.902467241715275, 0.608704933028715, 0.614936793993533, 1.60695280086189, 1.12066098232037, 1.74532928452513, 1.04866372543740, 0.498043410409964, 0.825059209820760, 1.14646385186675, 1.42408390231005, 0.834485125576112, 1.37852772324479, 1.35796260266651, 1.32487241515053, 1.58411996471164], [1.14703991526631, 1.58194286460790, 1.49175948948390, 0.634534858773879, 1.24558784709873, 1.48919121943336, 1.01887492662587, 0.817492382614096, 2.64575131106459, 1.12679221400431, 1.55483928763513, 1.38218332516094, 0.954533139104432, 1.24518596173291, 1.30051432054095, 0.956162172750037, 1.38246354170580, 1.44460271008564, 1.30758159438058, 0.743939527589348, 1.14847696673968, 1.46161521732368, 1.57240508005943, 1.30551866549334, 1.08617743802424, 1.02551408531402], [0.948686401882219, 1.55867085965684, 0.918885252501242, 0.921321258991152, 1.16934689194555, 1.08436020007199, 1.34942865069151, 1.36538162039587, 1.12679221400431, 2.64575131106459, 0.608144913419563, 0.369999563119005, 1.06592537609940, 1.24395312413049, 0.721237004961171, 1.14846228512577, 1.49760780497419, 0.995841940640237, 0.823448494075672, 0.929086410775536, 1.62338251399852, 1.08680057414784, 1.41932716836122, 1.03435755787295, 1.00648261204377, 0.884646271101744], [1.16932737876294, 0.712758172802264, 1.49169596917794, 0.838551276183908, 0.770665269139669, 1.55372064322068, 0.890365836634169, 0.902467241715275, 1.55483928763513, 0.608144913419563, 2.64575131106459, 1.18910513496016, 0.643951699496354, 1.01986786648103, 1.42713697094999, 0.978927971148113, 0.578395240470234, 1.63268593250390, 1.54902013505162, 0.792615993343678, 0.503125637319769, 0.969238674053676, 1.21679748820233, 1.04748042528192, 0.771550102095258, 1.21192909431934], [1.83858563179482, 0.902149942674584, 1.41000276236813, 1.09552753623011, 1.13407316642020, 1.33471002809818, 0.601025771364011, 0.608704933028715, 1.38218332516094, 0.369999563119005, 1.18910513496016, 2.64575131106459, 2.44963319076461, 0.840503537355000, 1.84110057408090, 0.445392273735805, 0.687056094897348, 1.52723923248057, 1.34927674441230, 1.66329744864601, 0.371723972519416, 1.10210348270584, 1.22298091364971, 0.663147103662158, 1.55693378388244, 0.541381164611042], [1.54308129881027, 1.34654066027437, 0.994389540965393, 1.09593282570817, 1.13743022287431, 0.884394498174576, 0.607336433088990, 0.614936793993533, 0.954533139104432, 1.06592537609940, 0.643951699496354, 2.44963319076461, 2.64575131106459, 0.845027669026181, 1.54607700105028, 0.453872055338399, 0.688322178450254, 1.15462653811674, 0.906228725161292, 1.66558817472563, 0.381843262162852, 1.10289320897504, 0.704546013009150, 0.668871920631343, 1.55938076572339, 0.548378637903739], [0.391768803072646, 1.26458759060570, 1.46514458752399, 0.924528201876632, 1.63126150210292, 1.47159322636901, 1.86969599841116, 1.60695280086189, 1.24518596173291, 1.24395312413049, 1.01986786648103, 0.840503537355000, 0.845027669026181, 2.64575131106459, 1.39352517499682, 1.58561598779061, 1.35425681739086, 0.594298504829212, 1.28810831472334, 1.18473859163653, 1.67342107747776, 1.52035347162459, 1.71928392925652, 1.82668128309483, 1.39661123185277, 1.42591437791042], [1.50307083048759, 1.04889818279025, 1.62460096020117, 1.09101590825999, 1.18776655109662, 1.47450724811387, 0.968893691331831, 1.12066098232037, 1.30051432054095, 0.721237004961171, 1.42713697094999, 1.84110057408090, 1.54607700105028, 1.39352517499682, 2.64575131106459, 0.958890556555821, 0.569078769809763, 1.27093206315742, 1.64271212088122, 1.31967601464499, 0.772161919511621, 1.22154714501781, 1.43678472363567, 1.19559806708271, 1.20745482164353, 0.875727158304828], [0.294123720959384, 0.874960207086968, 1.15169584495261, 0.521151283074838, 1.32395263477363, 1.11338787028952, 1.65227740132391, 1.74532928452513, 0.956162172750037, 1.14846228512577, 0.978927971148113, 0.445392273735805, 0.453872055338399, 1.58561598779061, 0.958890556555821, 2.64575131106459, 0.820035434267816, 0.654035484796524, 0.962726417932125, 1.08869939052672, 1.40644079413565, 1.24001034888056, 1.10930416955707, 1.57963018933050, 1.28543881702000, 2.03529793609976], [0.723739229011874, 1.16463179331162, 0.964040141595793, 0.730842660830376, 1.14037358117469, 1.55388955739370, 0.969831168793110, 1.04866372543740, 1.38246354170580, 1.49760780497419, 0.578395240470234, 0.687056094897348, 0.688322178450254, 1.35425681739086, 0.569078769809763, 0.820035434267816, 2.64575131106459, 0.617569130093805, 0.674407540484237, 0.696115846134565, 1.40612791710818, 1.47704767366525, 1.81448258741463, 1.10126342048924, 0.709812802737536, 0.784691472400504], [1.83272031292753, 0.740667872670277, 1.32134172238745, 1.32770793453159, 0.902815898781557, 1.38008005392245, 0.562487724338401, 0.498043410409964, 1.44460271008564, 0.995841940640237, 1.63268593250390, 1.52723923248057, 1.15462653811674, 0.594298504829212, 1.27093206315742, 0.654035484796524, 0.617569130093805, 2.64575131106459, 1.29702648575793, 1.61228806325491, 0.991274537463320, 0.875037905785092, 1.20254755153649, 0.742931479432999, 1.59416705961571, 1.09245351651797], [1.08080150553218, 1.37853968308291, 1.48698185507521, 1.26316878734613, 0.793648153174561, 1.47788407966594, 0.897173235175445, 0.825059209820760, 1.30758159438058, 0.823448494075672, 1.54902013505162, 1.34927674441230, 0.906228725161292, 1.28810831472334, 1.64271212088122, 0.962726417932125, 0.674407540484237, 1.29702648575793, 2.64575131106459, 1.10286784277933, 0.979349428960895, 1.15554343026068, 1.45815286676107, 1.56491094459366, 0.527276190712860, 1.40888437559509], [1.77007613897332, 0.658781029018778, 0.556998277677776, 1.71982827698604, 1.66101925275515, 0.920074888950289, 1.16507422447581, 1.14646385186675, 0.743939527589348, 0.929086410775536, 0.792615993343678, 1.66329744864601, 1.66558817472563, 1.18473859163653, 1.31967601464499, 1.08869939052672, 0.696115846134565, 1.61228806325491, 1.10286784277933, 2.64575131106459, 1.36818286941435, 0.973844611056958, 0.620704776383472, 1.23604864974957, 2.06751672867076, 1.14563114211118], [1.19772304020529, 1.46482916016863, 0.781451248148486, 0.875755618150035, 1.41280906614947, 1.20662965834880, 1.49015068385386, 1.42408390231005, 1.14847696673968, 1.62338251399852, 0.503125637319769, 0.371723972519416, 0.381843262162852, 1.67342107747776, 0.772161919511621, 1.40644079413565, 1.40612791710818, 0.991274537463320, 0.979349428960895, 1.36818286941435, 2.64575131106459, 0.877912622061354, 1.57071262687968, 1.45157313572805, 1.31162967106178, 1.35333001798649], [0.650049711817806, 1.42339400599279, 1.42759626848314, 1.26925448600838, 1.21802435643368, 1.36980436282701, 1.20420935719778, 0.834485125576112, 1.46161521732368, 1.08680057414784, 0.969238674053676, 1.10210348270584, 1.10289320897504, 1.52035347162459, 1.22154714501781, 1.24001034888056, 1.47704767366525, 0.875037905785092, 1.15554343026068, 0.973844611056958, 0.877912622061354, 2.64575131106459, 1.30705595587575, 1.40112212035985, 1.01023369225963, 1.08743811846574], [1.19101121690997, 1.55705301606478, 1.59985808388607, 0.791960912979894, 1.25259105329366, 1.88903310727915, 1.39451317393775, 1.37852772324479, 1.57240508005943, 1.41932716836122, 1.21679748820233, 1.22298091364971, 0.704546013009150, 1.71928392925652, 1.43678472363567, 1.10930416955707, 1.81448258741463, 1.20254755153649, 1.45815286676107, 0.620704776383472, 1.57071262687968, 1.30705595587575, 2.64575131106459, 1.26171126896807, 0.814480878230464, 1.03338413561508], [0.357952944777077, 1.53584598808932, 1.51284694491045, 0.634567652073043, 1.46035746622551, 0.995982198957757, 1.50531304744031, 1.35796260266651, 1.30551866549334, 1.03435755787295, 1.04748042528192, 0.663147103662158, 0.668871920631343, 1.82668128309483, 1.19559806708271, 1.57963018933050, 1.10126342048924, 0.742931479432999, 1.56491094459366, 1.23604864974957, 1.45157313572805, 1.40112212035985, 1.26171126896807, 2.64575131106459, 1.30206421627666, 1.82700694684416], [1.98617079400279, 0.728086659278860, 0.762385676966956, 1.33533249743395, 1.86119102054902, 0.806213394411070, 1.41370638965154, 1.32487241515053, 1.08617743802424, 1.00648261204377, 0.771550102095258, 1.55693378388244, 1.55938076572339, 1.39661123185277, 1.20745482164353, 1.28543881702000, 0.709812802737536, 1.59416705961571, 0.527276190712860, 2.06751672867076, 1.31162967106178, 1.01023369225963, 0.814480878230464, 1.30206421627666, 2.64575131106459, 1.28346748490426], [0.523049975714173, 1.31615156698108, 1.30042328140360, 0.592452506812279, 1.29372875638250, 0.796236280201737, 1.46229792784808, 1.58411996471164, 1.02551408531402, 0.884646271101744, 1.21192909431934, 0.541381164611042, 0.548378637903739, 1.42591437791042, 0.875727158304828, 2.03529793609976, 0.784691472400504, 1.09245351651797, 1.40888437559509, 1.14563114211118, 1.35333001798649, 1.08743811846574, 1.03338413561508, 1.82700694684416, 1.28346748490426, 2.64575131106459]]