[[1, 0, 0, 0.250000000000000, 0, 0, 0, 0, 0, 0, 0, 0.250000000000000, 0.250000000000000, 0, 0, 0.0555555555555556, 0, 0.333333333333333, 0, 1, 0, 0, 0, 0, 1, 0.0555555555555556],[0, 1, 0.636363636363636, 0, 0, 0.250000000000000, 0.500000000000000, 0.571428571428571, 0.538461538461538, 0.700000000000000, 0.538461538461538, 0, 0, 0.615384615384615, 0.636363636363636, 0.444444444444444, 0.615384615384615, 0, 0.727272727272727, 0, 0.615384615384615, 0.538461538461538, 1, 0.636363636363636, 0, 0.444444444444444[0, 0.636363636363636, 1, 0, 0, 0.545454545454545, 0.769230769230769, 0.714285714285714, 0.833333333333333, 0.727272727272727, 0.833333333333333, 0, 0, 0.769230769230769, 0.428571428571429, 0.555555555555556, 0.769230769230769, 0, 0.615384615384615, 0, 0.769230769230769, 0.833333333333333, 0.636363636363636, 1, 0, 0.555555555555556],[0.250000000000000, 0, 0, 1, 0.500000000000000, 0, 0, 0, 0, 0, 0, 1, 1, 0, 0.0769230769230769, 0.222222222222222, 0, 0.750000000000000, 0, 0.250000000000000, 0, 0, 0, 0, 0.250000000000000, 0.222222222222222],[0, 0, 0, 0.500000000000000, 1, 0, 0, 0, 0, 0, 0, 0.500000000000000, 0.500000000000000, 0, 0.0909090909090909, 0.111111111111111, 0, 0.250000000000000, 0, 0, 0, 0, 0, 0, 0, 0.111111111111111],[0, 0.250000000000000, 0.545454545454545, 0, 0, 1, 0.538461538461538, 0.500000000000000, 0.583333333333333, 0.333333333333333, 0.583333333333333, 0, 0, 0.538461538461538, 0.133333333333333, 0.388888888888889, 0.538461538461538, 0, 0.285714285714286, 0, 0.538461538461538, 0.583333333333333, 0.250000000000000, 0.545454545454545, 0, 0.388888888888889],[0, 0.500000000000000, 0.769230769230769, 0, 0, 0.538461538461538, 1, 0.928571428571429, 0.923076923076923, 0.692307692307692, 0.923076923076923, 0, 0, 0.857142857142857, 0.533333333333333, 0.722222222222222, 0.857142857142857, 0, 0.714285714285714, 0, 0.857142857142857, 0.923076923076923, 0.500000000000000, 0.769230769230769, 0, 0.722222222222222],[0, 0.571428571428571, 0.714285714285714, 0, 0, 0.500000000000000, 0.928571428571429, 1, 0.857142857142857, 0.642857142857143, 0.857142857142857, 0, 0, 0.928571428571429, 0.600000000000000, 0.777777777777778, 0.928571428571429, 0, 0.785714285714286, 0, 0.928571428571429, 0.857142857142857, 0.571428571428571, 0.714285714285714, 0, 0.777777777777778], [0, 0.538461538461538, 0.833333333333333, 0, 0, 0.583333333333333, 0.923076923076923, 0.857142857142857, 1, 0.750000000000000, 1, 0, 0, 0.923076923076923, 0.466666666666667, 0.666666666666667, 0.923076923076923, 0, 0.642857142857143, 0, 0.923076923076923, 1, 0.538461538461538, 0.833333333333333, 0, 0.666666666666667], [0, 0.700000000000000, 0.727272727272727, 0, 0, 0.333333333333333, 0.692307692307692, 0.642857142857143, 0.750000000000000, 1, 0.750000000000000, 0, 0, 0.692307692307692, 0.583333333333333, 0.500000000000000, 0.692307692307692, 0, 0.818181818181818, 0, 0.692307692307692, 0.750000000000000, 0.700000000000000, 0.727272727272727, 0, 0.500000000000000], [0, 0.538461538461538, 0.833333333333333, 0, 0, 0.583333333333333, 0.923076923076923, 0.857142857142857, 1, 0.750000000000000, 1, 0, 0, 0.923076923076923, 0.466666666666667, 0.666666666666667, 0.923076923076923, 0, 0.642857142857143, 0, 0.923076923076923, 1, 0.538461538461538, 0.833333333333333, 0, 0.666666666666667], [0.250000000000000, 0, 0, 1, 0.500000000000000, 0, 0, 0, 0, 0, 0, 1, 1, 0, 0.0769230769230769, 0.222222222222222, 0, 0.750000000000000, 0, 0.250000000000000, 0, 0, 0, 0, 0.250000000000000, 0.222222222222222], [0.250000000000000, 0, 0, 1, 0.500000000000000, 0, 0, 0, 0, 0, 0, 1, 1, 0, 0.0769230769230769, 0.222222222222222, 0, 0.750000000000000, 0, 0.250000000000000, 0, 0, 0, 0, 0.250000000000000, 0.222222222222222], [0, 0.615384615384615, 0.769230769230769, 0, 0, 0.538461538461538, 0.857142857142857, 0.928571428571429, 0.923076923076923, 0.692307692307692, 0.923076923076923, 0, 0, 1, 0.533333333333333, 0.722222222222222, 1, 0, 0.714285714285714, 0, 1, 0.923076923076923, 0.615384615384615, 0.769230769230769, 0, 0.722222222222222], [0, 0.636363636363636, 0.428571428571429, 0.0769230769230769, 0.0909090909090909, 0.133333333333333, 0.533333333333333, 0.600000000000000, 0.466666666666667, 0.583333333333333, 0.466666666666667, 0.0769230769230769, 0.0769230769230769, 0.533333333333333, 1, 0.555555555555556, 0.533333333333333, 0, 0.750000000000000, 0, 0.533333333333333, 0.466666666666667, 0.636363636363636, 0.428571428571429, 0, 0.555555555555556], [0.0555555555555556, 0.444444444444444, 0.555555555555556, 0.222222222222222, 0.111111111111111, 0.388888888888889, 0.722222222222222, 0.777777777777778, 0.666666666666667, 0.500000000000000, 0.666666666666667, 0.222222222222222, 0.222222222222222, 0.722222222222222, 0.555555555555556, 1, 0.722222222222222, 0.166666666666667, 0.611111111111111, 0.0555555555555556, 0.722222222222222, 0.666666666666667, 0.444444444444444, 0.555555555555556, 0.0555555555555556, 1], [0, 0.615384615384615, 0.769230769230769, 0, 0, 0.538461538461538, 0.857142857142857, 0.928571428571429, 0.923076923076923, 0.692307692307692, 0.923076923076923, 0, 0, 1, 0.533333333333333, 0.722222222222222, 1, 0, 0.714285714285714, 0, 1, 0.923076923076923, 0.615384615384615, 0.769230769230769, 0, 0.722222222222222], [0.333333333333333, 0, 0, 0.750000000000000, 0.250000000000000, 0, 0, 0, 0, 0, 0, 0.750000000000000, 0.750000000000000, 0, 0, 0.166666666666667, 0, 1, 0, 0.333333333333333, 0, 0, 0, 0, 0.333333333333333, 0.166666666666667], [0, 0.727272727272727, 0.615384615384615, 0, 0, 0.285714285714286, 0.714285714285714, 0.785714285714286, 0.642857142857143, 0.818181818181818, 0.642857142857143, 0, 0, 0.714285714285714, 0.750000000000000, 0.611111111111111, 0.714285714285714, 0, 1, 0, 0.714285714285714, 0.642857142857143, 0.727272727272727, 0.615384615384615, 0, 0.611111111111111], [1, 0, 0, 0.250000000000000, 0, 0, 0, 0, 0, 0, 0, 0.250000000000000, 0.250000000000000, 0, 0, 0.0555555555555556, 0, 0.333333333333333, 0, 1, 0, 0, 0, 0, 1, 0.0555555555555556], [0, 0.615384615384615, 0.769230769230769, 0, 0, 0.538461538461538, 0.857142857142857, 0.928571428571429, 0.923076923076923, 0.692307692307692, 0.923076923076923, 0, 0, 1, 0.533333333333333, 0.722222222222222, 1, 0, 0.714285714285714, 0, 1, 0.923076923076923, 0.615384615384615, 0.769230769230769, 0, 0.722222222222222], [0, 0.538461538461538, 0.833333333333333, 0, 0, 0.583333333333333, 0.923076923076923, 0.857142857142857, 1, 0.750000000000000, 1, 0, 0, 0.923076923076923, 0.466666666666667, 0.666666666666667, 0.923076923076923, 0, 0.642857142857143, 0, 0.923076923076923, 1, 0.538461538461538, 0.833333333333333, 0, 0.666666666666667], [0, 1, 0.636363636363636, 0, 0, 0.250000000000000, 0.500000000000000, 0.571428571428571, 0.538461538461538, 0.700000000000000, 0.538461538461538, 0, 0, 0.615384615384615, 0.636363636363636, 0.444444444444444, 0.615384615384615, 0, 0.727272727272727, 0, 0.615384615384615, 0.538461538461538, 1, 0.636363636363636, 0, 0.444444444444444], [0, 0.636363636363636, 1, 0, 0, 0.545454545454545, 0.769230769230769, 0.714285714285714, 0.833333333333333, 0.727272727272727, 0.833333333333333, 0, 0, 0.769230769230769, 0.428571428571429, 0.555555555555556, 0.769230769230769, 0, 0.615384615384615, 0, 0.769230769230769, 0.833333333333333, 0.636363636363636, 1, 0, 0.555555555555556],[1, 0, 0, 0.250000000000000, 0, 0, 0, 0, 0, 0, 0, 0.250000000000000, 0.250000000000000, 0, 0, 0.0555555555555556, 0, 0.333333333333333, 0, 1, 0, 0, 0, 0, 1, 0.0555555555555556],[0.0555555555555556, 0.444444444444444, 0.555555555555556, 0.222222222222222, 0.111111111111111, 0.388888888888889, 0.722222222222222, 0.777777777777778, 0.666666666666667, 0.500000000000000, 0.666666666666667, 0.222222222222222, 0.222222222222222, 0.722222222222222, 0.555555555555556, 1, 0.722222222222222, 0.166666666666667, 0.611111111111111, 0.0555555555555556, 0.722222222222222, 0.666666666666667, 0.444444444444444, 0.555555555555556, 0.0555555555555556, 1]]