[[1, 0.0923543224070137, 0.308556056086167, 0.272393124891001, 0.190690400129840, 0.300957362618098, 0.460165436233183, 0.460165436233183, 0.0817397670830916, 0.106996743756854, 0.439392378508682, 0.552786404500042, 0.552786404500042, 0.219378985706755, 0.483790334259695, 0.208962065768704, 0.132871027894078, 0.487724840847484, 0.308094069995959, 0.356095252280995, 0.0757864634417944, 0.236904736503432, 0.168359416281647, 0.111864903867120, 0.935981560033552, 0.425592639033024], [0.0923543224070137, 1, 0.386217792907019, 0.380734679262996, 0.458994240104895, 0.328626466655526, 0.0511852780660477, 0.0511852780660477, 0.857894679089249, 0.698306321305718, 0.143103088037531, 0.190353439205621, 0.190353439205621, 0.413776349452475, 0.247049631767446, 0.287335421672193, 0.643370111790119, 0.521256494628536, 0.369966386730874, 0.525592639033024, 0.921913119055697, 0.474146383461202, 0.549958407591913, 0.721456992734422, 0.0949201528226257, 0.384160931973653], [0.308556056086167, 0.386217792907019, 1, 0.412589764695522, 0.604894617107512, 0.464697977302992, 0.154880960674377, 0.154880960674377, 0.412589764695522, 0.315164861733306, 0.419177094926351, 0.565878428937770, 0.565878428937770, 0.497850194984443, 0.465878428937770, 0.425592639033024, 0.707397132009674, 0.477889881041986, 0.384160931973653, 0.230639229110367, 0.351949817981826, 0.343593694455174, 0.776393202250021, 0.664760800172597, 0.315188521426610, 0.783238069999390], [0.272393124891001, 0.380734679262996, 0.412589764695522, 1, 0.730769230769231, 0.935981560033552, 0.319643063054451, 0.319643063054451, 0.342271631187791, 0.425592639033024, 0.411545487439419, 0.552786404500042, 0.552786404500042, 0.841000317999046, 0.637718153193714, 0.367613520642615, 0.536196562445501, 0.188963716283973, 0.921913119055697, 0.604894617107512, 0.317837269463754, 0.900000000000000, 0.636196562445501, 0.464697977302992, 0.300957362618098, 0.291539963706794], [0.190690400129840, 0.458994240104895, 0.604894617107512, 0.730769230769231, 1, 0.666750790802783, 0.155736777991628, 0.155736777991628, 0.441154002422618, 0.463134191065754, 0.469998961575949, 0.388880119437219, 0.388880119437219, 0.861324950943693, 0.473811868130891, 0.376543053735345, 0.728501414857491, 0.253481585203175, 0.683772233983162, 0.440988332044689, 0.396096830305652, 0.630769230769231, 0.828501414857491, 0.657002829714982, 0.202074991383271, 0.449376239041411], [0.300957362618098, 0.328626466655526, 0.464697977302992, 0.935981560033552, 0.666750790802783, 1, 0.328626466655526, 0.328626466655526, 0.296647659707001, 0.366592957032070, 0.430310685426444, 0.604894617107512, 0.604894617107512, 0.776981878032598, 0.698306321305718, 0.428201688754619, 0.477196880444547, 0.219425650756660, 0.857894679089249, 0.552786404500042, 0.273690257139927, 0.841000317999046, 0.572178122479053, 0.412589764695522, 0.329521600345194, 0.329224722458054], [0.460165436233183, 0.0511852780660477, 0.154880960674377, 0.319643063054451, 0.155736777991628, 0.328626466655526, 1, 1, 0.0534115896460608, 0.0448151262121861, 0.437793613460161, 0.589002531736607, 0.589002531736607, 0.215147368354889, 0.565878428937770, 0.0690131332433093, 0.0980412827739164, 0.193146243360373, 0.384250178803476, 0.525592639033024, 0.0459761788465650, 0.308556056086167, 0.109128289742201, 0.0914710679707942, 0.512273648840653, 0.188429826851005], [0.460165436233183, 0.0511852780660477, 0.154880960674377, 0.319643063054451, 0.155736777991628, 0.328626466655526, 1, 1, 0.0534115896460608, 0.0448151262121861, 0.437793613460161, 0.589002531736607, 0.589002531736607, 0.215147368354889, 0.565878428937770, 0.0690131332433093, 0.0980412827739164, 0.193146243360373, 0.384250178803476, 0.525592639033024, 0.0459761788465650, 0.308556056086167, 0.109128289742201, 0.0914710679707942, 0.512273648840653, 0.188429826851005], [0.0817397670830916, 0.857894679089249, 0.412589764695522, 0.342271631187791, 0.441154002422618, 0.296647659707001, 0.0534115896460608, 0.0534115896460608, 1, 0.582781943678115, 0.158099813255524, 0.168359416281647, 0.168359416281647, 0.384160931973653, 0.215935087819308, 0.236005498388667, 0.637718153193714, 0.431792860647884, 0.328626466655526, 0.468144413869698, 0.907485372635078, 0.427203379881463, 0.552786404500042, 0.712374762283573, 0.0849664513777272, 0.430002849735653], [0.106996743756854, 0.698306321305718, 0.315164861733306, 0.425592639033024, 0.463134191065754, 0.366592957032070, 0.0448151262121861, 0.0448151262121861, 0.582781943678115, 1, 0.110022245599961, 0.220049404385714, 0.220049404385714, 0.441464971873382, 0.289045474626061, 0.412589764695522, 0.607767729723632, 0.436269144581123, 0.420383539813541, 0.434565391431737, 0.624784350130949, 0.525592639033024, 0.507767729723632, 0.529680848779329, 0.108263570959880, 0.272393124891001], [0.439392378508682, 0.143103088037531, 0.419177094926351, 0.411545487439419, 0.469998961575949, 0.430310685426444, 0.437793613460161, 0.437793613460161, 0.158099813255524, 0.110022245599961, 1, 0.345172645193302, 0.345172645193302, 0.567584884892701, 0.297596973655640, 0.146932016738364, 0.301283289880959, 0.416076462225898, 0.349491698801050, 0.213633675615645, 0.132334795505408, 0.388421384640583, 0.324407392679795, 0.287638125348693, 0.455825838489248, 0.463958196459516], [0.552786404500042, 0.190353439205621, 0.565878428937770, 0.552786404500042, 0.388880119437219, 0.604894617107512, 0.589002531736607, 0.589002531736607, 0.168359416281647, 0.220049404385714, 0.345172645193302, 1, 1, 0.448290709800480, 0.900000000000000, 0.403134704305539, 0.273275560947444, 0.315366382868738, 0.617393520249067, 0.664760800172597, 0.156085464280427, 0.483790334259695, 0.342271631187791, 0.230639229110367, 0.604894617107512, 0.413558215349198], [0.552786404500042, 0.190353439205621, 0.565878428937770, 0.552786404500042, 0.388880119437219, 0.604894617107512, 0.589002531736607, 0.589002531736607, 0.168359416281647, 0.220049404385714, 0.345172645193302, 1, 1, 0.448290709800480, 0.900000000000000, 0.403134704305539, 0.273275560947444, 0.315366382868738, 0.617393520249067, 0.664760800172597, 0.156085464280427, 0.483790334259695, 0.342271631187791, 0.230639229110367, 0.604894617107512, 0.413558215349198], [0.219378985706755, 0.413776349452475, 0.497850194984443, 0.841000317999046, 0.861324950943693, 0.776981878032598, 0.215147368354889, 0.215147368354889, 0.384160931973653, 0.441464971873382, 0.567584884892701, 0.448290709800480, 0.448290709800480, 1, 0.533222458494151, 0.371422921553489, 0.621456992734422, 0.216181765183735, 0.776393202250021, 0.500398922407950, 0.350878939653233, 0.741000317999046, 0.721456992734422, 0.549958407591913, 0.236904736503432, 0.359948023935392], [0.483790334259695, 0.247049631767446, 0.465878428937770, 0.637718153193714, 0.473811868130891, 0.698306321305718, 0.565878428937770, 0.565878428937770, 0.215935087819308, 0.289045474626061, 0.297596973655640, 0.900000000000000, 0.900000000000000, 0.533222458494151, 1, 0.503134704305539, 0.342271631187791, 0.242705728544337, 0.702325268942739, 0.721456992734422, 0.201768428985254, 0.552786404500042, 0.427203379881463, 0.287335421672193, 0.535898546867165, 0.328626466655526], [0.208962065768704, 0.287335421672193, 0.425592639033024, 0.367613520642615, 0.376543053735345, 0.428201688754619, 0.0690131332433093, 0.0690131332433093, 0.236005498388667, 0.412589764695522, 0.146932016738364, 0.403134704305539, 0.403134704305539, 0.371422921553489, 0.503134704305539, 1, 0.301985841283045, 0.301159042765396, 0.366349699087597, 0.224591697039961, 0.242054218890000, 0.282681771948943, 0.386917589976717, 0.247049631767446, 0.209275634414140, 0.308556056086167], [0.132871027894078, 0.643370111790119, 0.707397132009674, 0.536196562445501, 0.728501414857491, 0.477196880444547, 0.0980412827739164, 0.0980412827739164, 0.637718153193714, 0.607767729723632, 0.301283289880959, 0.273275560947444, 0.273275560947444, 0.621456992734422, 0.342271631187791, 0.301985841283045, 1, 0.291539963706794, 0.507767729723632, 0.487791547993467, 0.569848140615350, 0.636196562445501, 0.900000000000000, 0.921913119055697, 0.139503493234521, 0.558109681501198], [0.487724840847484, 0.521256494628536, 0.477889881041986, 0.188963716283973, 0.253481585203175, 0.219425650756660, 0.193146243360373, 0.193146243360373, 0.431792860647884, 0.436269144581123, 0.416076462225898, 0.315366382868738, 0.315366382868738, 0.216181765183735, 0.242705728544337, 0.301159042765396, 0.291539963706794, 1, 0.180080781813126, 0.106523670404898, 0.503509973604517, 0.151017590528062, 0.329486089462705, 0.269047168578146, 0.489854234746663, 0.652682349824928], [0.308094069995959, 0.369966386730874, 0.384160931973653, 0.921913119055697, 0.683772233983162, 0.857894679089249, 0.384250178803476, 0.384250178803476, 0.328626466655526, 0.420383539813541, 0.349491698801050, 0.617393520249067, 0.617393520249067, 0.776393202250021, 0.702325268942739, 0.366349699087597, 0.507767729723632, 0.180080781813126, 1, 0.669501732856537, 0.307068976931631, 0.821913119055697, 0.607767729723632, 0.436269144581123, 0.343593694455174, 0.269047168578146], [0.356095252280995, 0.525592639033024, 0.230639229110367, 0.604894617107512, 0.440988332044689, 0.552786404500042, 0.525592639033024, 0.525592639033024, 0.468144413869698, 0.434565391431737, 0.213633675615645, 0.664760800172597, 0.664760800172597, 0.500398922407950, 0.721456992734422, 0.224591697039961, 0.487791547993467, 0.106523670404898, 0.669501732856537, 1, 0.447505758088721, 0.698306321305718, 0.394379843795262, 0.565878428937770, 0.408203464888465, 0.160000994129137], [0.0757864634417944, 0.921913119055697, 0.351949817981826, 0.317837269463754, 0.396096830305652, 0.273690257139927, 0.0459761788465650, 0.0459761788465650, 0.907485372635078, 0.624784350130949, 0.132334795505408, 0.156085464280427, 0.156085464280427, 0.350878939653233, 0.201768428985254, 0.242054218890000, 0.569848140615350, 0.503509973604517, 0.307068976931631, 0.447505758088721, 1, 0.400624412286433, 0.487060997792671, 0.643370111790119, 0.0783522938574065, 0.361668136845005], [0.236904736503432, 0.474146383461202, 0.343593694455174, 0.900000000000000, 0.630769230769231, 0.841000317999046, 0.308556056086167, 0.308556056086167, 0.427203379881463, 0.525592639033024, 0.388421384640583, 0.483790334259695, 0.483790334259695, 0.741000317999046, 0.552786404500042, 0.282681771948943, 0.636196562445501, 0.151017590528062, 0.821913119055697, 0.698306321305718, 0.400624412286433, 1, 0.536196562445501, 0.558109681501197, 0.265468974230529, 0.243964292169133], [0.168359416281647, 0.549958407591913, 0.776393202250021, 0.636196562445501, 0.828501414857491, 0.572178122479053, 0.109128289742201, 0.109128289742201, 0.552786404500042, 0.507767729723632, 0.324407392679795, 0.342271631187791, 0.342271631187791, 0.721456992734422, 0.427203379881463, 0.386917589976717, 0.900000000000000, 0.329486089462705, 0.607767729723632, 0.394379843795262, 0.487060997792671, 0.536196562445501, 1, 0.828501414857491, 0.174991881622089, 0.605685353038859], [0.111864903867120, 0.721456992734422, 0.664760800172597, 0.464697977302992, 0.657002829714982, 0.412589764695522, 0.0914710679707942, 0.0914710679707942, 0.712374762283573, 0.529680848779329, 0.287638125348693, 0.230639229110367, 0.230639229110367, 0.549958407591913, 0.287335421672193, 0.247049631767446, 0.921913119055697, 0.269047168578146, 0.436269144581123, 0.565878428937770, 0.643370111790119, 0.558109681501197, 0.828501414857491, 1, 0.118497369207562, 0.529680848779329], [0.935981560033552, 0.0949201528226257, 0.315188521426610, 0.300957362618098, 0.202074991383271, 0.329521600345194, 0.512273648840653, 0.512273648840653, 0.0849664513777272, 0.108263570959880, 0.455825838489248, 0.604894617107512, 0.604894617107512, 0.236904736503432, 0.535898546867165, 0.209275634414140, 0.139503493234521, 0.489854234746663, 0.343593694455174, 0.408203464888465, 0.0783522938574065, 0.265468974230529, 0.174991881622089, 0.118497369207562, 1, 0.430843722631084], [0.425592639033024, 0.384160931973653, 0.783238069999390, 0.291539963706794, 0.449376239041411, 0.329224722458054, 0.188429826851005, 0.188429826851005, 0.430002849735653, 0.272393124891001, 0.463958196459516, 0.413558215349198, 0.413558215349198, 0.359948023935392, 0.328626466655526, 0.308556056086167, 0.558109681501198, 0.652682349824928, 0.269047168578146, 0.160000994129137, 0.361668136845005, 0.243964292169133, 0.605685353038859, 0.529680848779329, 0.430843722631084, 1]]