[[1, 0.0923543224070137, 0.308556056086167, 0.541997207308270, 0.196770261460239, 0.765604005058249, 0.761965455829402, 0.761965455829402, 0.238240854640758, 0.106996743756854, 0.654677639925178, 0.985572253579381, 0.985572253579381, 0.493262215030088, 0.985572253579381, 0.210406077768139, 0.132871027894078, 0.487724840847484, 0.805703377228114, 0.885572253579381, 0.113549937999991, 0.331482433996019, 0.168359416281647, 0.142836241096728, 0.935981560033552, 0.450068529256087], [0.0923543224070137, 1, 0.386217792907019, 0.380734679262996, 0.458994240104895, 0.328626466655526, 0.0511852780660477, 0.0511852780660477, 0.857894679089249, 0.698306321305718, 0.143103088037531, 0.190353439205621, 0.190353439205621, 0.636196562445501, 0.247049631767446, 0.287335421672193, 0.643370111790119, 0.521256494628536, 0.369966386730874, 0.525592639033024, 0.921913119055697, 0.474146383461202, 0.549958407591913, 0.935981560033552, 0.0949201528226257, 0.384160931973653], [0.308556056086167, 0.386217792907019, 1, 0.721456992734422, 0.604894617107512, 0.676393202250021, 0.154880960674377, 0.154880960674377, 0.507767729723632, 0.315164861733306, 0.419177094926351, 0.565878428937770, 0.565878428937770, 0.657438552767974, 0.512273648840653, 0.425592639033024, 0.707397132009674, 0.477889881041986, 0.401885376782456, 0.497521513389193, 0.351949817981826, 0.343593694455174, 0.776393202250021, 0.664760800172597, 0.315188521426610, 0.783238069999390], [0.541997207308270, 0.380734679262996, 0.721456992734422, 1, 0.730769230769231, 0.935981560033552, 0.319643063054451, 0.319643063054451, 0.507767729723632, 0.425592639033024, 0.662354587139256, 1, 1, 0.935981560033552, 0.761324950943693, 0.410097970609796, 0.536196562445501, 0.364585556763015, 0.921913119055697, 0.861324950943693, 0.446599885538676, 0.900000000000000, 0.636196562445501, 0.549958407591913, 0.552786404500042, 0.537500740895923], [0.196770261460239, 0.458994240104895, 0.604894617107512, 0.730769230769231, 1, 0.666750790802783, 0.155736777991628, 0.155736777991628, 0.441154002422618, 0.463134191065754, 0.469998961575949, 0.388880119437219, 0.388880119437219, 0.861324950943693, 0.589002531736607, 0.376543053735345, 0.728501414857491, 0.253481585203175, 0.683772233983162, 0.440988332044689, 0.396096830305652, 0.630769230769231, 0.828501414857491, 0.657002829714982, 0.202074991383271, 0.449376239041411], [0.765604005058249, 0.328626466655526, 0.676393202250021, 0.935981560033552, 0.666750790802783, 1, 0.328626466655526, 0.328626466655526, 0.629310251065371, 0.366592957032070, 0.683867906646505, 1, 1, 0.776981878032598, 0.783238069999390, 0.441001141495654, 0.500708174057932, 0.613398524816123, 0.899115081426319, 0.900000000000000, 0.470503627701144, 0.841000317999046, 0.572178122479053, 0.676393202250021, 0.776393202250021, 0.728501414857491], [0.761965455829402, 0.0511852780660477, 0.154880960674377, 0.319643063054451, 0.155736777991628, 0.328626466655526, 1, 1, 0.0785307013138105, 0.0448151262121861, 0.538515623132284, 0.589002531736607, 0.589002531736607, 0.215147368354889, 0.565878428937770, 0.0690131332433093, 0.0980412827739164, 0.193146243360373, 0.512897825549505, 0.525592639033024, 0.0459761788465650, 0.308556056086167, 0.109128289742201, 0.0914710679707942, 0.721456992734422, 0.188429826851005], [0.761965455829402, 0.0511852780660477, 0.154880960674377, 0.319643063054451, 0.155736777991628, 0.328626466655526, 1, 1, 0.0785307013138105, 0.0448151262121861, 0.538515623132284, 0.589002531736607, 0.589002531736607, 0.215147368354889, 0.565878428937770, 0.0690131332433093, 0.0980412827739164, 0.193146243360373, 0.512897825549505, 0.525592639033024, 0.0459761788465650, 0.308556056086167, 0.109128289742201, 0.0914710679707942, 0.721456992734422, 0.188429826851005], [0.238240854640758, 0.857894679089249, 0.507767729723632, 0.507767729723632, 0.441154002422618, 0.629310251065371, 0.0785307013138105, 0.0785307013138105, 1, 0.776393202250021, 0.251046514896594, 0.465878428937770, 0.465878428937770, 0.783238069999390, 0.664760800172597, 0.636196562445501, 0.637718153193714, 0.582781943678115, 0.413558215349198, 0.468144413869698, 0.907485372635078, 0.427203379881463, 0.552786404500042, 0.797306510977245, 0.239559985845820, 0.430002849735653], [0.106996743756854, 0.698306321305718, 0.315164861733306, 0.425592639033024, 0.463134191065754, 0.366592957032070, 0.0448151262121861, 0.0448151262121861, 0.776393202250021, 1, 0.110022245599961, 0.220049404385714, 0.220049404385714, 0.448290709800480, 0.289045474626061, 0.412589764695522, 0.607767729723632, 0.436269144581123, 0.420383539813541, 0.434565391431737, 0.624784350130949, 0.525592639033024, 0.507767729723632, 0.750414533913188, 0.108263570959880, 0.272393124891001], [0.654677639925178, 0.143103088037531, 0.419177094926351, 0.662354587139256, 0.469998961575949, 0.683867906646505, 0.538515623132284, 0.538515623132284, 0.251046514896594, 0.110022245599961, 1, 0.683867906646505, 0.683867906646505, 0.700039345890516, 0.880996429839342, 0.146932016738364, 0.301283289880959, 0.416076462225898, 0.601489485063489, 0.598936157952833, 0.149143719332640, 0.599453141296318, 0.324407392679795, 0.287638125348693, 0.475348309326327, 0.463958196459516], [0.985572253579381, 0.190353439205621, 0.565878428937770, 1, 0.388880119437219, 1, 0.589002531736607, 0.589002531736607, 0.465878428937770, 0.220049404385714, 0.683867906646505, 1, 1, 0.776981878032598, 0.900000000000000, 0.406288569698922, 0.273275560947444, 0.520451823175053, 0.899115081426319, 0.900000000000000, 0.236005498388667, 0.600708174057932, 0.342271631187791, 0.300957362618098, 1, 0.507767729723632], [0.985572253579381, 0.190353439205621, 0.565878428937770, 1, 0.388880119437219, 1, 0.589002531736607, 0.589002531736607, 0.465878428937770, 0.220049404385714, 0.683867906646505, 1, 1, 0.776981878032598, 0.900000000000000, 0.406288569698922, 0.273275560947444, 0.520451823175053, 0.899115081426319, 0.900000000000000, 0.236005498388667, 0.600708174057932, 0.342271631187791, 0.300957362618098, 1, 0.507767729723632], [0.493262215030088, 0.636196562445501, 0.657438552767974, 0.935981560033552, 0.861324950943693, 0.776981878032598, 0.215147368354889, 0.215147368354889, 0.783238069999390, 0.448290709800480, 0.700039345890516, 0.776981878032598, 0.776981878032598, 1, 0.702325268942739, 0.427203379881463, 0.621456992734422, 0.784372707914480, 0.776393202250021, 0.762913437054743, 0.861324950943693, 0.741000317999046, 0.721456992734422, 0.764482974891043, 0.500398922407950, 0.698306321305718], [0.985572253579381, 0.247049631767446, 0.512273648840653, 0.761324950943693, 0.589002531736607, 0.783238069999390, 0.565878428937770, 0.565878428937770, 0.664760800172597, 0.289045474626061, 0.880996429839342, 0.900000000000000, 0.900000000000000, 0.702325268942739, 1, 0.515218102791652, 0.394379843795262, 0.448768047722678, 0.702325268942739, 0.721456992734422, 0.376656283963999, 0.552786404500042, 0.427203379881463, 0.549958407591913, 0.861324950943693, 0.541997207308270], [0.210406077768139, 0.287335421672193, 0.425592639033024, 0.410097970609796, 0.376543053735345, 0.441001141495654, 0.0690131332433093, 0.0690131332433093, 0.636196562445501, 0.412589764695522, 0.146932016738364, 0.406288569698922, 0.406288569698922, 0.427203379881463, 0.515218102791652, 1, 0.301985841283045, 0.301159042765396, 0.366349699087597, 0.282681771948943, 0.746163458716595, 0.289045474626061, 0.386917589976717, 0.301159042765396, 0.210531836315212, 0.739228494937663], [0.132871027894078, 0.643370111790119, 0.707397132009674, 0.536196562445501, 0.728501414857491, 0.500708174057932, 0.0980412827739164, 0.0980412827739164, 0.637718153193714, 0.607767729723632, 0.301283289880959, 0.273275560947444, 0.273275560947444, 0.621456992734422, 0.394379843795262, 0.301985841283045, 1, 0.291539963706794, 0.507767729723632, 0.487791547993467, 0.569848140615350, 0.636196562445501, 0.900000000000000, 0.921913119055697, 0.139503493234521, 0.558109681501198], [0.487724840847484, 0.521256494628536, 0.477889881041986, 0.364585556763015, 0.253481585203175, 0.613398524816123, 0.193146243360373, 0.193146243360373, 0.582781943678115, 0.436269144581123, 0.416076462225898, 0.520451823175053, 0.520451823175053, 0.784372707914480, 0.448768047722678, 0.301159042765396, 0.291539963706794, 1, 0.534366926333583, 0.465162979860127, 0.531216973499346, 0.510915650792304, 0.329486089462705, 0.585274934594984, 0.489854234746663, 0.652682349824928], [0.805703377228114, 0.369966386730874, 0.401885376782456, 0.921913119055697, 0.683772233983162, 0.899115081426319, 0.512897825549505, 0.512897825549505, 0.413558215349198, 0.420383539813541, 0.601489485063489, 0.899115081426319, 0.899115081426319, 0.776393202250021, 0.702325268942739, 0.366349699087597, 0.507767729723632, 0.534366926333583, 1, 0.843826238111394, 0.402789922817075, 0.821913119055697, 0.607767729723632, 0.436269144581123, 0.818202280369668, 0.507188053650681], [0.885572253579381, 0.525592639033024, 0.497521513389193, 0.861324950943693, 0.440988332044689, 0.900000000000000, 0.525592639033024, 0.525592639033024, 0.468144413869698, 0.434565391431737, 0.598936157952833, 0.900000000000000, 0.900000000000000, 0.762913437054743, 0.721456992734422, 0.282681771948943, 0.487791547993467, 0.465162979860127, 0.843826238111394, 1, 0.515068557093147, 0.698306321305718, 0.394379843795262, 0.636196562445501, 0.900000000000000, 0.607767729723632], [0.113549937999991, 0.921913119055697, 0.351949817981826, 0.446599885538676, 0.396096830305652, 0.470503627701144, 0.0459761788465650, 0.0459761788465650, 0.907485372635078, 0.624784350130949, 0.149143719332640, 0.236005498388667, 0.236005498388667, 0.861324950943693, 0.376656283963999, 0.746163458716595, 0.569848140615350, 0.531216973499346, 0.402789922817075, 0.515068557093147, 1, 0.566244989796762, 0.487060997792671, 0.898816852721194, 0.114595170769631, 0.396764901067373], [0.331482433996019, 0.474146383461202, 0.343593694455174, 0.900000000000000, 0.630769230769231, 0.841000317999046, 0.308556056086167, 0.308556056086167, 0.427203379881463, 0.525592639033024, 0.599453141296318, 0.600708174057932, 0.600708174057932, 0.741000317999046, 0.552786404500042, 0.289045474626061, 0.636196562445501, 0.510915650792304, 0.821913119055697, 0.698306321305718, 0.566244989796762, 1, 0.536196562445501, 0.698306321305718, 0.552786404500042, 0.357653555179923], [0.168359416281647, 0.549958407591913, 0.776393202250021, 0.636196562445501, 0.828501414857491, 0.572178122479053, 0.109128289742201, 0.109128289742201, 0.552786404500042, 0.507767729723632, 0.324407392679795, 0.342271631187791, 0.342271631187791, 0.721456992734422, 0.427203379881463, 0.386917589976717, 0.900000000000000, 0.329486089462705, 0.607767729723632, 0.394379843795262, 0.487060997792671, 0.536196562445501, 1, 0.828501414857491, 0.174991881622089, 0.605685353038859], [0.142836241096728, 0.935981560033552, 0.664760800172597, 0.549958407591913, 0.657002829714982, 0.676393202250021, 0.0914710679707942, 0.0914710679707942, 0.797306510977245, 0.750414533913188, 0.287638125348693, 0.300957362618098, 0.300957362618098, 0.764482974891043, 0.549958407591913, 0.301159042765396, 0.921913119055697, 0.585274934594984, 0.436269144581123, 0.636196562445501, 0.898816852721194, 0.698306321305718, 0.828501414857491, 1, 0.145580478968744, 0.529680848779329], [0.935981560033552, 0.0949201528226257, 0.315188521426610, 0.552786404500042, 0.202074991383271, 0.776393202250021, 0.721456992734422, 0.721456992734422, 0.239559985845820, 0.108263570959880, 0.475348309326327, 1, 1, 0.500398922407950, 0.861324950943693, 0.210531836315212, 0.139503493234521, 0.489854234746663, 0.818202280369668, 0.900000000000000, 0.114595170769631, 0.552786404500042, 0.174991881622089, 0.145580478968744, 1, 0.452233264405505], [0.450068529256087, 0.384160931973653, 0.783238069999390, 0.537500740895923, 0.449376239041411, 0.728501414857491, 0.188429826851005, 0.188429826851005, 0.430002849735653, 0.272393124891001, 0.463958196459516, 0.507767729723632, 0.507767729723632, 0.698306321305718, 0.541997207308270, 0.739228494937663, 0.558109681501198, 0.652682349824928, 0.507188053650681, 0.607767729723632, 0.396764901067373, 0.357653555179923, 0.605685353038859, 0.529680848779329, 0.452233264405505, 1]]