[[1, 0.637338011609507, 0.158398237202990, 0.0752746743798748, 0.273534574055007, 0.133956554278456, 0.272528529896229, 0.384160931973653, 0.273534574055007, 0.497850194984443, 0.107893112580873, 0.0243105817569010, 0.0243105817569010, 0.243964292169132, 0.0883683446846484, 0.203724976016465, 0.552786404500042, 0.0993836703204187, 0.0684808822512189, 0.0752746743798748, 0.871963120067104, 0.203724976016465, 0.436269144581123, 0.203724976016465, 0.260985650494807, 0.169152092058428], [0.637338011609507, 1, 0.371513117990201, 0.112791001082776, 0.636196562445501, 0.347071435065666, 0.583945278429276, 0.695577680506700, 0.636196562445501, 0.619866271412820, 0.241155573348639, 0.0489346281226972, 0.0489346281226972, 0.555381040702179, 0.255812484847032, 0.416839856803676, 0.554930730909828, 0.204889679169029, 0.119202668317278, 0.112791001082776, 0.549413428875774, 0.416839856803676, 0.747685893114170, 0.416839856803676, 0.613251445937059, 0.274658100907039], [0.158398237202990, 0.371513117990201, 1, 0.480565841224879, 0.648335054027051, 0.896031917598240, 0.659886340947062, 0.535956142090423, 0.648335054027051, 0.363740784161725, 0.737032235597286, 0.167001178285280, 0.167001178285280, 0.716082907549803, 0.641845687513665, 0.867691759668876, 0.327186491763904, 0.672425119848261, 0.458739518148313, 0.480565841224879, 0.130929034646990, 0.867691759668876, 0.503629070951249, 0.867691759668876, 0.675114076898166, 0.644084961918897], [0.0752746743798748, 0.112791001082776, 0.480565841224879, 1, 0.315260815075271, 0.583466794747587, 0.284591183800177, 0.193627016313158, 0.315260815075271, 0.161336547878487, 0.647519420862252, 0.507038806423236, 0.507038806423236, 0.328738196124003, 0.450538887560230, 0.366312179116181, 0.155040231510788, 0.690155752699329, 0.835981560033552, 1, 0.0623312350153014, 0.366312179116181, 0.170901920789386, 0.366312179116181, 0.328626466655526, 0.473001137067922], [0.273534574055007, 0.636196562445501, 0.648335054027051, 0.315260815075271, 1, 0.559180823017983, 0.855166038290231, 0.695577680506700, 1, 0.619866271412820, 0.453264961300955, 0.100215423847948, 0.100215423847948, 0.919184478256679, 0.373010357470783, 0.780643294358176, 0.554930730909828, 0.416999067121346, 0.288426396646196, 0.315260815075271, 0.225918786029420, 0.780643294358176, 0.649953709025910, 0.780643294358176, 0.968330874269036, 0.638461538461538], [0.133956554278456, 0.347071435065666, 0.896031917598240, 0.583466794747587, 0.559180823017983, 1, 0.581016337254793, 0.485729159490435, 0.559180823017983, 0.313513801561737, 0.841000317999046, 0.204339967399309, 0.204339967399309, 0.626928676540735, 0.719552661652423, 0.778537528659807, 0.276959509163916, 0.776393202250021, 0.555381040702179, 0.583466794747587, 0.110799522069776, 0.778537528659807, 0.461823016723150, 0.778537528659807, 0.583835645134812, 0.554930730909828], [0.272528529896229, 0.583945278429276, 0.659886340947062, 0.284591183800177, 0.855166038290231, 0.581016337254793, 1, 0.828501414857491, 0.855166038290231, 0.604894617107512, 0.454082182108287, 0.0973178622935209, 0.0973178622935209, 0.935981560033552, 0.403087405182334, 0.784372707914480, 0.549958407591913, 0.408800979326095, 0.269047168578146, 0.284591183800177, 0.225199094182107, 0.784372707914480, 0.776393202250021, 0.784372707914480, 0.857894679089249, 0.612157349985782], [0.384160931973653, 0.695577680506700, 0.535956142090423, 0.193627016313158, 0.695577680506700, 0.485729159490435, 0.828501414857491, 1, 0.695577680506700, 0.776393202250021, 0.358795004343929, 0.0744205014863103, 0.0744205014863103, 0.776393202250021, 0.350546251180059, 0.624784350130949, 0.721456992734422, 0.313513801561737, 0.193042664318616, 0.193627016313158, 0.319771762505838, 0.624784350130949, 0.935981560033552, 0.624784350130949, 0.701585565091801, 0.452568992202251], [0.273534574055007, 0.636196562445501, 0.648335054027051, 0.315260815075271, 1, 0.559180823017983, 0.855166038290231, 0.695577680506700, 1, 0.619866271412820, 0.453264961300955, 0.100215423847948, 0.100215423847948, 0.919184478256679, 0.373010357470783, 0.780643294358176, 0.554930730909828, 0.416999067121346, 0.288426396646196, 0.315260815075271, 0.225918786029420, 0.780643294358176, 0.649953709025910, 0.780643294358176, 0.968330874269036, 0.638461538461538], [0.497850194984443, 0.619866271412820, 0.363740784161725, 0.161336547878487, 0.619866271412820, 0.313513801561737, 0.604894617107512, 0.776393202250021, 0.619866271412820, 1, 0.245105741333139, 0.0533390694264689, 0.0533390694264689, 0.552786404500042, 0.210349611375539, 0.452568992202251, 0.921913119055697, 0.222612946204491, 0.149232701597014, 0.161336547878487, 0.414541464752393, 0.452568992202251, 0.712374762283573, 0.452568992202251, 0.594105419915740, 0.361668136845005], [0.107893112580873, 0.241155573348639, 0.737032235597286, 0.647519420862252, 0.453264961300955, 0.841000317999046, 0.454082182108287, 0.358795004343929, 0.453264961300955, 0.245105741333139, 1, 0.246229268185170, 0.246229268185170, 0.499994521394229, 0.727655946584244, 0.619537846658853, 0.222612946204491, 0.921913119055697, 0.640641470991101, 0.647519420862252, 0.0893135579832205, 0.619537846658853, 0.334888861576644, 0.619537846658853, 0.473490232059151, 0.700450647715504], [0.0243105817569010, 0.0489346281226972, 0.167001178285280, 0.507038806423236, 0.100215423847948, 0.204339967399309, 0.0973178622935209, 0.0744205014863103, 0.100215423847948, 0.0533390694264689, 0.246229268185170, 1, 1, 0.108993385444347, 0.338417576935981, 0.133406842508735, 0.0492031474586418, 0.274658100907039, 0.452568992202251, 0.507038806423236, 0.0202167908110759, 0.133406842508735, 0.0688033909925445, 0.133406842508735, 0.104834836037774, 0.203724976016465], [0.0243105817569010, 0.0489346281226972, 0.167001178285280, 0.507038806423236, 0.100215423847948, 0.204339967399309, 0.0973178622935209, 0.0744205014863103, 0.100215423847948, 0.0533390694264689, 0.246229268185170, 1, 1, 0.108993385444347, 0.338417576935981, 0.133406842508735, 0.0492031474586418, 0.274658100907039, 0.452568992202251, 0.507038806423236, 0.0202167908110759, 0.133406842508735, 0.0688033909925445, 0.133406842508735, 0.104834836037774, 0.203724976016465], [0.243964292169132, 0.555381040702179, 0.716082907549803, 0.328738196124003, 0.919184478256679, 0.626928676540735, 0.935981560033552, 0.776393202250021, 0.919184478256679, 0.552786404500042, 0.499994521394229, 0.108993385444347, 0.108993385444347, 1, 0.429726155152916, 0.848391147880928, 0.497850194984443, 0.454713318612037, 0.306731927329406, 0.328738196124003, 0.201489448923805, 0.848391147880928, 0.730769230769231, 0.848391147880928, 0.921553813612933, 0.676175789952230], [0.0883683446846484, 0.255812484847032, 0.641845687513665, 0.450538887560230, 0.373010357470783, 0.719552661652423, 0.403087405182334, 0.350546251180059, 0.373010357470783, 0.210349611375539, 0.727655946584244, 0.338417576935981, 0.338417576935981, 0.429726155152916, 1, 0.567142787026771, 0.181920778653670, 0.654133975409475, 0.553291001874374, 0.450538887560230, 0.0732155594540049, 0.567142787026771, 0.337701982486489, 0.567142787026771, 0.390769230769231, 0.501724100783823], [0.203724976016465, 0.416839856803676, 0.867691759668876, 0.366312179116181, 0.780643294358176, 0.778537528659807, 0.784372707914480, 0.624784350130949, 0.780643294358176, 0.452568992202251, 0.619537846658853, 0.133406842508735, 0.133406842508735, 0.848391147880928, 0.567142787026771, 1, 0.416014699804431, 0.554930730909828, 0.357653555179923, 0.366312179116181, 0.168339807607336, 1, 0.579160378650159, 1, 0.779689900638205, 0.776393202250021], [0.552786404500042, 0.554930730909828, 0.327186491763904, 0.155040231510788, 0.554930730909828, 0.276959509163916, 0.549958407591913, 0.721456992734422, 0.554930730909828, 0.921913119055697, 0.222612946204491, 0.0492031474586418, 0.0492031474586418, 0.497850194984443, 0.181920778653670, 0.416014699804431, 1, 0.204866425180472, 0.140723259336560, 0.155040231510788, 0.461538461538462, 0.416014699804431, 0.657438552767974, 0.416014699804431, 0.531208010116498, 0.343921615820986], [0.0993836703204187, 0.204889679169029, 0.672425119848261, 0.690155752699329, 0.416999067121346, 0.776393202250021, 0.408800979326095, 0.313513801561737, 0.416999067121346, 0.222612946204491, 0.921913119055697, 0.274658100907039, 0.274658100907039, 0.454713318612037, 0.654133975409475, 0.554930730909828, 0.204866425180472, 1, 0.695577680506700, 0.690155752699329, 0.0822850507688000, 0.554930730909828, 0.289607658794451, 0.554930730909828, 0.435431853555532, 0.778537528659807], [0.0684808822512189, 0.119202668317278, 0.458739518148313, 0.835981560033552, 0.288426396646196, 0.555381040702179, 0.269047168578146, 0.193042664318616, 0.288426396646196, 0.149232701597014, 0.640641470991101, 0.452568992202251, 0.452568992202251, 0.306731927329406, 0.553291001874374, 0.357653555179923, 0.140723259336560, 0.695577680506700, 1, 0.835981560033552, 0.0567561389430351, 0.357653555179923, 0.174277466331591, 0.357653555179923, 0.301237140473422, 0.497850194984443], [0.0752746743798748, 0.112791001082776, 0.480565841224879, 1, 0.315260815075271, 0.583466794747587, 0.284591183800177, 0.193627016313158, 0.315260815075271, 0.161336547878487, 0.647519420862252, 0.507038806423236, 0.507038806423236, 0.328738196124003, 0.450538887560230, 0.366312179116181, 0.155040231510788, 0.690155752699329, 0.835981560033552, 1, 0.0623312350153014, 0.366312179116181, 0.170901920789386, 0.366312179116181, 0.328626466655526, 0.473001137067922], [0.871963120067104, 0.549413428875774, 0.130929034646990, 0.0623312350153014, 0.225918786029420, 0.110799522069776, 0.225199094182107, 0.319771762505838, 0.225918786029420, 0.414541464752393, 0.0893135579832205, 0.0202167908110759, 0.0202167908110759, 0.201489448923805, 0.0732155594540049, 0.168339807607336, 0.461538461538462, 0.0822850507688000, 0.0567561389430351, 0.0623312350153014, 1, 0.168339807607336, 0.365395733986628, 0.168339807607336, 0.215535459447264, 0.139825336306360], [0.203724976016465, 0.416839856803676, 0.867691759668876, 0.366312179116181, 0.780643294358176, 0.778537528659807, 0.784372707914480, 0.624784350130949, 0.780643294358176, 0.452568992202251, 0.619537846658853, 0.133406842508735, 0.133406842508735, 0.848391147880928, 0.567142787026771, 1, 0.416014699804431, 0.554930730909828, 0.357653555179923, 0.366312179116181, 0.168339807607336, 1, 0.579160378650159, 1, 0.779689900638205, 0.776393202250021], [0.436269144581123, 0.747685893114170, 0.503629070951249, 0.170901920789386, 0.649953709025910, 0.461823016723150, 0.776393202250021, 0.935981560033552, 0.649953709025910, 0.712374762283573, 0.334888861576644, 0.0688033909925445, 0.0688033909925445, 0.730769230769231, 0.337701982486489, 0.579160378650159, 0.657438552767974, 0.289607658794451, 0.174277466331591, 0.170901920789386, 0.365395733986628, 0.579160378650159, 1, 0.579160378650159, 0.657438552767974, 0.406945020721461], [0.203724976016465, 0.416839856803676, 0.867691759668876, 0.366312179116181, 0.780643294358176, 0.778537528659807, 0.784372707914480, 0.624784350130949, 0.780643294358176, 0.452568992202251, 0.619537846658853, 0.133406842508735, 0.133406842508735, 0.848391147880928, 0.567142787026771, 1, 0.416014699804431, 0.554930730909828, 0.357653555179923, 0.366312179116181, 0.168339807607336, 1, 0.579160378650159, 1, 0.779689900638205, 0.776393202250021], [0.260985650494807, 0.613251445937059, 0.675114076898166, 0.328626466655526, 0.968330874269036, 0.583835645134812, 0.857894679089249, 0.701585565091801, 0.968330874269036, 0.594105419915740, 0.473490232059151, 0.104834836037774, 0.104834836037774, 0.921553813612933, 0.390769230769231, 0.779689900638205, 0.531208010116498, 0.435431853555532, 0.301237140473422, 0.328626466655526, 0.215535459447264, 0.779689900638205, 0.657438552767974, 0.779689900638205, 1, 0.631286109058924], [0.169152092058428, 0.274658100907039, 0.644084961918897, 0.473001137067922, 0.638461538461538, 0.554930730909828, 0.612157349985782, 0.452568992202251, 0.638461538461538, 0.361668136845005, 0.700450647715504, 0.203724976016465, 0.203724976016465, 0.676175789952230, 0.501724100783823, 0.776393202250021, 0.343921615820986, 0.778537528659807, 0.497850194984443, 0.473001137067922, 0.139825336306360, 0.776393202250021, 0.406945020721461, 0.776393202250021, 0.631286109058924, 1]]