[[1, 0.214131559854872, 0.0929477639302320, 0.725000000000000, 0.698671922257230, 0.260125205168985, 0.00733366948035947, 0.0147549583170340, 0.279333716056406, 0.466476151587624, 0.231712703827040, 0.822067443495306, 0.822067443495306, 0.122755946209244, 0.579570837484996, 0.0147549583170340, 0.260125205168985, 0.840634680861233, 0.150571924456116, 1, 0.476200237995181, 0.328218410400576, 0.260125205168985, 0.155998419601672, 1, 0.144370041196009], [0.214131559854872, 1, 0.613130158182465, 0.196028887988176, 0.295505924641325, 0.447126879200899, 0.523614387803503, 0.413524090694709, 0.677618378341871, 0.430529021341303, 0.376737634556560, 0.512561727836343, 0.512561727836343, 0.608071546004275, 0.569341184782603, 0.406706905422344, 0.455029752580603, 0.279333716056406, 0.760341189816769, 0.214131559854872, 0.565571373884712, 0.739087274954724, 0.721634103571379, 0.737133243155395, 0.214131559854872, 0.703854038077654], [0.0929477639302320, 0.613130158182465, 1, 0.0929477639302320, 0.152179477328013, 0.342087344837725, 0.474168340667875, 0.316606758547858, 0.462377739739045, 0.446237845759682, 0.410374329203171, 0.466476151587624, 0.466476151587624, 0.681732126379148, 0.583959495288358, 0.359962738198713, 0.328555553138468, 0.147781212674785, 0.533457189699274, 0.0929477639302320, 0.393979544716358, 0.623867697350989, 0.483725560793299, 0.601587592366332, 0.0929477639302320, 0.460514031155963], [0.725000000000000, 0.196028887988176, 0.0929477639302320, 1, 0.652891610415246, 0.255407810325156, 0.00733366948035947, 0.0147549583170340, 0.248785030885195, 0.466476151587624, 0.193797429759799, 0.448798263872432, 0.448798263872432, 0.112414632235359, 0.437638384586019, 0.0147549583170340, 0.255407810325156, 0.650000000000000, 0.123478356137496, 0.725000000000000, 0.473639835610932, 0.459186590533610, 0.255407810325156, 0.130040404944845, 0.725000000000000, 0.115834834117106], [0.698671922257230, 0.295505924641325, 0.152179477328013, 0.652891610415246, 1, 0.394877944272473, 0.0117761561722572, 0.0237710880198844, 0.345685914520862, 0.508437500719050, 0.234815475839533, 0.610091432649892, 0.610091432649892, 0.157992241333476, 0.588043265121631, 0.0237710880198844, 0.394877944272473, 0.441371863191662, 0.161387296497825, 0.698671922257230, 0.517373519620110, 0.386262542188761, 0.394877944272473, 0.174684480362290, 0.698671922257230, 0.145568075571703], [0.260125205168985, 0.447126879200899, 0.342087344837725, 0.255407810325156, 0.394877944272473, 1, 0.443761342714187, 0.435342328653563, 0.524246784445927, 0.560415211789869, 0.415122035589600, 0.356109148282091, 0.356109148282091, 0.621964089900849, 0.238850513094824, 0.357411024014655, 0.834828590496399, 0.292296478267775, 0.215798160677866, 0.260125205168985, 0.674180802945344, 0.436755972411676, 0.824115687671741, 0.267910876306002, 0.260125205168985, 0.241749126342173], [0.00733366948035947, 0.523614387803503, 0.474168340667875, 0.00733366948035947, 0.0117761561722572, 0.443761342714187, 1, 0.731947133959742, 0.316381142160587, 0.690480025031446, 0.361700601224107, 0.0375080107039016, 0.0375080107039016, 0.720649364752526, 0.387784957914675, 0.607751118243887, 0.454576768410361, 0.191625805607475, 0.439429371903512, 0.00733366948035947, 0.620766162037195, 0.493294796958851, 0.662322646735265, 0.460599995292076, 0.00733366948035947, 0.493274523019412], [0.0147549583170340, 0.413524090694709, 0.316606758547858, 0.0147549583170340, 0.0237710880198844, 0.435342328653563, 0.731947133959742, 1, 0.244561867261066, 0.642565201655371, 0.407260876744496, 0.0768267900088248, 0.0768267900088248, 0.550701129022595, 0.518122699420619, 0.744881524034853, 0.432702295407409, 0.192053053767973, 0.405878129983519, 0.0147549583170340, 0.552100569079952, 0.262479888950381, 0.577839028724702, 0.384323010991708, 0.0147549583170340, 0.654833427813378], [0.279333716056406, 0.677618378341871, 0.462377739739045, 0.248785030885195, 0.345685914520862, 0.524246784445927, 0.316381142160587, 0.244561867261066, 1, 0.425711449478518, 0.626259635977690, 0.543041918126563, 0.543041918126563, 0.432397585246143, 0.412182914565886, 0.286523458207883, 0.632334916087934, 0.486237930365249, 0.414992439608217, 0.279333716056406, 0.384424361960779, 0.673358927243086, 0.500888323651691, 0.442272542102858, 0.279333716056406, 0.389095993430162], [0.466476151587624, 0.430529021341303, 0.446237845759682, 0.466476151587624, 0.508437500719050, 0.560415211789869, 0.690480025031446, 0.642565201655371, 0.425711449478518, 1, 0.313117613824588, 0.169930096342731, 0.169930096342731, 0.585717371740144, 0.359962738198713, 0.555658802724364, 0.579591239633613, 0.504248615929352, 0.397456753061994, 0.466476151587624, 0.829050661901913, 0.481201868468006, 0.638999025867825, 0.417187073663666, 0.466476151587624, 0.427451796555362], [0.231712703827040, 0.376737634556560, 0.410374329203171, 0.193797429759799, 0.234815475839533, 0.415122035589600, 0.361700601224107, 0.407260876744496, 0.626259635977690, 0.313117613824588, 1, 0.279333716056406, 0.279333716056406, 0.395177704539099, 0.374331072044687, 0.430437653141366, 0.253071243787304, 0.460533144425933, 0.539720652733953, 0.231712703827040, 0.273750999603972, 0.365759575185796, 0.295053246158073, 0.459282276607190, 0.231712703827040, 0.504555817766327], [0.822067443495306, 0.512561727836343, 0.466476151587624, 0.448798263872432, 0.610091432649892, 0.356109148282091, 0.0375080107039016, 0.0768267900088248, 0.543041918126563, 0.169930096342731, 0.279333716056406, 1, 1, 0.409034377060510, 0.698671922257230, 0.0768267900088248, 0.356109148282091, 0.618434756721819, 0.281288918547353, 0.822067443495306, 0.195045903083650, 0.569731976320951, 0.356109148282091, 0.352873568094904, 0.822067443495306, 0.162872206539545], [0.822067443495306, 0.512561727836343, 0.466476151587624, 0.448798263872432, 0.610091432649892, 0.356109148282091, 0.0375080107039016, 0.0768267900088248, 0.543041918126563, 0.169930096342731, 0.279333716056406, 1, 1, 0.409034377060510, 0.698671922257230, 0.0768267900088248, 0.356109148282091, 0.618434756721819, 0.281288918547353, 0.822067443495306, 0.195045903083650, 0.569731976320951, 0.356109148282091, 0.352873568094904, 0.822067443495306, 0.162872206539545], [0.122755946209244, 0.608071546004275, 0.681732126379148, 0.112414632235359, 0.157992241333476, 0.621964089900849, 0.720649364752526, 0.550701129022595, 0.432397585246143, 0.585717371740144, 0.395177704539099, 0.409034377060510, 0.409034377060510, 1, 0.704154339142587, 0.465934417761672, 0.629726320092388, 0.181221221641573, 0.567152469981563, 0.122755946209244, 0.735120944145346, 0.588509757482291, 0.792834464574479, 0.664017714253601, 0.122755946209244, 0.384440998925594], [0.579570837484996, 0.569341184782603, 0.583959495288358, 0.437638384586019, 0.588043265121631, 0.238850513094824, 0.387784957914675, 0.518122699420619, 0.412182914565886, 0.359962738198713, 0.374331072044687, 0.698671922257230, 0.698671922257230, 0.704154339142587, 1, 0.337604353995512, 0.241654515545990, 0.206322617106624, 0.548655892014796, 0.579570837484996, 0.426192256567598, 0.536886027860551, 0.504704403104824, 0.587553848462060, 0.579570837484996, 0.366881043168936], [0.0147549583170340, 0.406706905422344, 0.359962738198713, 0.0147549583170340, 0.0237710880198844, 0.357411024014655, 0.607751118243887, 0.744881524034853, 0.286523458207883, 0.555658802724364, 0.430437653141366, 0.0768267900088248, 0.0768267900088248, 0.465934417761672, 0.337604353995512, 1, 0.347524018044087, 0.0968729862325100, 0.469548392354350, 0.0147549583170340, 0.542300690003624, 0.387784957914675, 0.495788540055980, 0.379509321263498, 0.0147549583170340, 0.818535277187245], [0.260125205168985, 0.455029752580603, 0.328555553138468, 0.255407810325156, 0.394877944272473, 0.834828590496399, 0.454576768410361, 0.432702295407409, 0.632334916087934, 0.579591239633613, 0.253071243787304, 0.356109148282091, 0.356109148282091, 0.629726320092388, 0.241654515545990, 0.347524018044087, 1, 0.292296478267775, 0.242270265725922, 0.260125205168985, 0.685974796713914, 0.452210741742688, 0.828430018949275, 0.250402151833905, 0.260125205168985, 0.226876493091521], [0.840634680861233, 0.279333716056406, 0.147781212674785, 0.650000000000000, 0.441371863191662, 0.292296478267775, 0.191625805607475, 0.192053053767973, 0.486237930365249, 0.504248615929352, 0.460533144425933, 0.618434756721819, 0.618434756721819, 0.181221221641573, 0.206322617106624, 0.0968729862325100, 0.292296478267775, 1, 0.234194159693230, 0.840634680861233, 0.494508620258741, 0.379509321263498, 0.292296478267775, 0.237719386921259, 0.840634680861233, 0.230255746497101], [0.150571924456116, 0.760341189816769, 0.533457189699274, 0.123478356137496, 0.161387296497825, 0.215798160677866, 0.439429371903512, 0.405878129983519, 0.414992439608217, 0.397456753061994, 0.539720652733953, 0.281288918547353, 0.281288918547353, 0.567152469981563, 0.548655892014796, 0.469548392354350, 0.242270265725922, 0.234194159693230, 1, 0.150571924456116, 0.533113971790479, 0.419933000527441, 0.490096808452074, 0.842199501305955, 0.150571924456116, 0.741940491389003], [1, 0.214131559854872, 0.0929477639302320, 0.725000000000000, 0.698671922257230, 0.260125205168985, 0.00733366948035947, 0.0147549583170340, 0.279333716056406, 0.466476151587624, 0.231712703827040, 0.822067443495306, 0.822067443495306, 0.122755946209244, 0.579570837484996, 0.0147549583170340, 0.260125205168985, 0.840634680861233, 0.150571924456116, 1, 0.476200237995181, 0.328218410400576, 0.260125205168985, 0.155998419601672, 1, 0.144370041196009], [0.476200237995181, 0.565571373884712, 0.393979544716358, 0.473639835610932, 0.517373519620110, 0.674180802945344, 0.620766162037195, 0.552100569079952, 0.384424361960779, 0.829050661901913, 0.273750999603972, 0.195045903083650, 0.195045903083650, 0.735120944145346, 0.426192256567598, 0.542300690003624, 0.685974796713914, 0.494508620258741, 0.533113971790479, 0.476200237995181, 1, 0.438858638839168, 0.833447956264079, 0.468596860206101, 0.476200237995181, 0.474120278387676], [0.328218410400576, 0.739087274954724, 0.623867697350989, 0.459186590533610, 0.386262542188761, 0.436755972411676, 0.493294796958851, 0.262479888950381, 0.673358927243086, 0.481201868468006, 0.365759575185796, 0.569731976320951, 0.569731976320951, 0.588509757482291, 0.536886027860551, 0.387784957914675, 0.452210741742688, 0.379509321263498, 0.419933000527441, 0.328218410400576, 0.438858638839168, 1, 0.602644820302364, 0.465005377923874, 0.328218410400576, 0.413524090694709], [0.260125205168985, 0.721634103571379, 0.483725560793299, 0.255407810325156, 0.394877944272473, 0.824115687671741, 0.662322646735265, 0.577839028724702, 0.500888323651691, 0.638999025867825, 0.295053246158073, 0.356109148282091, 0.356109148282091, 0.792834464574479, 0.504704403104824, 0.495788540055980, 0.828430018949275, 0.292296478267775, 0.490096808452074, 0.260125205168985, 0.833447956264079, 0.602644820302364, 1, 0.434445513625951, 0.260125205168985, 0.420126500533875], [0.155998419601672, 0.737133243155395, 0.601587592366332, 0.130040404944845, 0.174684480362290, 0.267910876306002, 0.460599995292076, 0.384323010991708, 0.442272542102858, 0.417187073663666, 0.459282276607190, 0.352873568094904, 0.352873568094904, 0.664017714253601, 0.587553848462060, 0.379509321263498, 0.250402151833905, 0.237719386921259, 0.842199501305955, 0.155998419601672, 0.468596860206101, 0.465005377923874, 0.434445513625951, 1, 0.155998419601672, 0.688496423321052], [1, 0.214131559854872, 0.0929477639302320, 0.725000000000000, 0.698671922257230, 0.260125205168985, 0.00733366948035947, 0.0147549583170340, 0.279333716056406, 0.466476151587624, 0.231712703827040, 0.822067443495306, 0.822067443495306, 0.122755946209244, 0.579570837484996, 0.0147549583170340, 0.260125205168985, 0.840634680861233, 0.150571924456116, 1, 0.476200237995181, 0.328218410400576, 0.260125205168985, 0.155998419601672, 1, 0.144370041196009], [0.144370041196009, 0.703854038077654, 0.460514031155963, 0.115834834117106, 0.145568075571703, 0.241749126342173, 0.493274523019412, 0.654833427813378, 0.389095993430162, 0.427451796555362, 0.504555817766327, 0.162872206539545, 0.162872206539545, 0.384440998925594, 0.366881043168936, 0.818535277187245, 0.226876493091521, 0.230255746497101, 0.741940491389003, 0.144370041196009, 0.474120278387676, 0.413524090694709, 0.420126500533875, 0.688496423321052, 0.144370041196009, 1]]