[[1.73205080756888, 0.369726945850427, 0.159404100061947, 1.25000000000000, 1.21042342488148, 0.447025792590461, 0.0125771393978445, 0.0253045447520803, 0.483940093904075, 0.800000000000000, 0.403261618171998, 1.43054378971045, 1.43054378971045, 0.212456224608773, 1.00864258763808, 0.0253045447520803, 0.447025792590461, 1.45296631451356, 0.261763838526359, 1.73205080756888, 0.817176711475418, 0.569383890260240, 0.447025792590461, 0.270948806311859, 1.73205080756888, 0.251277376588323], [0.369726945850427, 1.73205080756888, 1.06117725319474, 0.337931967247676, 0.508598858162202, 0.768115003417864, 0.911452101149972, 0.719623304296259, 1.16666666666667, 0.746718779683924, 0.654741887492942, 0.880081087244367, 0.880081087244367, 1.05413367700690, 0.986413240282703, 0.707752255836618, 0.782052170093038, 0.483940093904075, 1.32234053295437, 0.369726945850427, 0.982452234321227, 1.27475487839820, 1.24988914736382, 1.28086581770627, 0.369726945850427, 1.22511764971444], [0.159404100061947, 1.06117725319474, 1.73205080756888, 0.159404100061947, 0.260985650494807, 0.590485222951342, 0.825283777224248, 0.550269855373901, 0.796729388345563, 0.775893736174419, 0.711499059199160, 0.800000000000000, 0.800000000000000, 1.17699604194626, 1.00514659764492, 0.625848066723948, 0.566721094122934, 0.255753137061032, 0.923630591826142, 0.159404100061947, 0.684803281445952, 1.07997527555241, 0.838520866149639, 1.03964650531154, 0.159404100061947, 0.801052933720427], [1.25000000000000, 0.337931967247676, 0.159404100061947, 1.73205080756888, 1.13032069232665, 0.438705419078290, 0.0125771393978445, 0.0253045447520803, 0.430475464572600, 0.800000000000000, 0.337240335371986, 0.780356030462470, 0.780356030462470, 0.194339992957038, 0.761485304912206, 0.0253045447520803, 0.438705419078290, 1.11803398874990, 0.214523441982581, 1.25000000000000, 0.812655008761594, 0.797933590274206, 0.438705419078290, 0.225639658840864, 1.25000000000000, 0.201594444330964], [1.21042342488148, 0.508598858162202, 0.260985650494807, 1.13032069232665, 1.73205080756888, 0.677813024388933, 0.0201959412195933, 0.0407670796270822, 0.596802143531586, 0.871963120067104, 0.408506273599123, 1.06026017366549, 1.06026017366549, 0.272457908780276, 1.02296409237037, 0.0407670796270822, 0.677813024388933, 0.759102087082438, 0.280078032566120, 1.21042342488148, 0.887748534515792, 0.667961674442401, 0.677813024388933, 0.302633867702733, 1.21042342488148, 0.253302101809916], [0.447025792590461, 0.768115003417864, 0.590485222951342, 0.438705419078290, 0.677813024388933, 1.73205080756888, 0.772466842615828, 0.757739260528921, 0.903884650382290, 0.970800172172080, 0.722218122386460, 0.611390659908583, 0.611390659908583, 1.08080839521736, 0.410833145539329, 0.622057672134304, 1.44278641976601, 0.503673440360494, 0.373777971727824, 0.447025792590461, 1.16964644615374, 0.749815231038853, 1.42400062421959, 0.463605555094902, 0.447025792590461, 0.420661083844405], [0.0125771393978445, 0.911452101149972, 0.825283777224248, 0.0125771393978445, 0.0201959412195933, 0.772466842615828, 1.73205080756888, 1.27051752617141, 0.550676795126414, 1.20196788325972, 0.627851904901056, 0.0643257076722920, 0.0643257076722920, 1.25435770641465, 0.674801971015398, 1.05357356337587, 0.791294617510569, 0.333570525596228, 0.764320484235574, 0.0125771393978445, 1.08061122497795, 0.858669791154737, 1.15294066269743, 0.801473561383802, 0.0125771393978445, 0.853271825973461], [0.0253045447520803, 0.719623304296259, 0.550269855373901, 0.0253045447520803, 0.0407670796270822, 0.757739260528921, 1.27051752617141, 1.73205080756888, 0.425338989092020, 1.11854690187815, 0.702389198933086, 0.131756857875541, 0.131756857875541, 0.957913101271606, 0.901155111109704, 1.28493424527965, 0.753142976135655, 0.334292433501300, 0.703640246922867, 0.0253045447520803, 0.961065643804416, 0.456556808994623, 1.00581747198332, 0.667337987676804, 0.0253045447520803, 1.12654852103579], [0.483940093904075, 1.16666666666667, 0.796729388345563, 0.430475464572600, 0.596802143531586, 0.903884650382290, 0.550676795126414, 0.425338989092020, 1.73205080756888, 0.738301385568691, 1.08953225481357, 0.933832276228032, 0.933832276228032, 0.746531258629667, 0.711036432962534, 0.498441691514015, 1.09354194789636, 0.845102369235754, 0.720128103252510, 0.483940093904075, 0.666131301802648, 1.15916930143433, 0.862812321956560, 0.766027283145905, 0.483940093904075, 0.677085016699788], [0.800000000000000, 0.746718779683924, 0.775893736174419, 0.800000000000000, 0.871963120067104, 0.970800172172080, 1.20196788325972, 1.11854690187815, 0.738301385568691, 1.73205080756888, 0.544936461856930, 0.291427710959086, 0.291427710959086, 1.01913210481593, 0.625848066723948, 0.967259849340208, 1.00433948891801, 0.866666666666667, 0.691644369114484, 0.800000000000000, 1.43265487818944, 0.835217897277500, 1.10818446524037, 0.725814955506400, 0.800000000000000, 0.744074708413878], [0.403261618171998, 0.654741887492942, 0.711499059199160, 0.337240335371986, 0.408506273599123, 0.722218122386460, 0.627851904901056, 0.702389198933086, 1.08953225481357, 0.544936461856930, 1.73205080756888, 0.483940093904075, 0.483940093904075, 0.683581677369286, 0.647049301463108, 0.743091097543241, 0.439856813410255, 0.801635785560187, 0.931073271504915, 0.403261618171998, 0.476389089636501, 0.635599243609268, 0.513035497078030, 0.793695769353309, 0.403261618171998, 0.873031717206207], [1.43054378971045, 0.880081087244367, 0.800000000000000, 0.780356030462470, 1.06026017366549, 0.611390659908583, 0.0643257076722920, 0.131756857875541, 0.933832276228032, 0.291427710959086, 0.483940093904075, 1.73205080756888, 1.73205080756888, 0.702070256654973, 1.21042342488148, 0.131756857875541, 0.611390659908583, 1.07590271186119, 0.484308043979606, 1.43054378971045, 0.335719955457864, 0.980837764426527, 0.611390659908583, 0.606690043597292, 1.43054378971045, 0.282594886006869], [1.43054378971045, 0.880081087244367, 0.800000000000000, 0.780356030462470, 1.06026017366549, 0.611390659908583, 0.0643257076722920, 0.131756857875541, 0.933832276228032, 0.291427710959086, 0.483940093904075, 1.73205080756888, 1.73205080756888, 0.702070256654973, 1.21042342488148, 0.131756857875541, 0.611390659908583, 1.07590271186119, 0.484308043979606, 1.43054378971045, 0.335719955457864, 0.980837764426527, 0.611390659908583, 0.606690043597292, 1.43054378971045, 0.282594886006869], [0.212456224608773, 1.05413367700690, 1.17699604194626, 0.194339992957038, 0.272457908780276, 1.08080839521736, 1.25435770641465, 0.957913101271606, 0.746531258629667, 1.01913210481593, 0.683581677369286, 0.702070256654973, 0.702070256654973, 1.73205080756888, 1.21335164821342, 0.810219435880887, 1.09434406652234, 0.314630771950965, 0.980638933682267, 0.212456224608773, 1.27930609090516, 1.01993464817659, 1.37866382266768, 1.14653509328116, 0.212456224608773, 0.668173281626214], [1.00864258763808, 0.986413240282703, 1.00514659764492, 0.761485304912206, 1.02296409237037, 0.410833145539329, 0.674801971015398, 0.901155111109704, 0.711036432962534, 0.625848066723948, 0.647049301463108, 1.21042342488148, 1.21042342488148, 1.21335164821342, 1.73205080756888, 0.586494838371292, 0.415772430195204, 0.358428487579247, 0.948214846930507, 1.00864258763808, 0.741258106464867, 0.929631531472941, 0.876244820421419, 1.01219697693938, 1.00864258763808, 0.637554856805411], [0.0253045447520803, 0.707752255836618, 0.625848066723948, 0.0253045447520803, 0.0407670796270822, 0.622057672134304, 1.05357356337587, 1.28493424527965, 0.498441691514015, 0.967259849340208, 0.743091097543241, 0.131756857875541, 0.131756857875541, 0.810219435880887, 0.586494838371292, 1.73205080756888, 0.604843329808292, 0.168576682144619, 0.814870882881061, 0.0253045447520803, 0.944005917196072, 0.674801971015398, 0.862974126206847, 0.658937033780834, 0.0253045447520803, 1.41421356237310], [0.447025792590461, 0.782052170093038, 0.566721094122934, 0.438705419078290, 0.677813024388933, 1.44278641976601, 0.791294617510569, 0.753142976135655, 1.09354194789636, 1.00433948891801, 0.439856813410255, 0.611390659908583, 0.611390659908583, 1.09434406652234, 0.415772430195204, 0.604843329808292, 1.73205080756888, 0.503673440360494, 0.420066107034528, 0.447025792590461, 1.19024531929817, 0.777081420289452, 1.43156652519168, 0.432931993175432, 0.447025792590461, 0.394759994950834], [1.45296631451356, 0.483940093904075, 0.255753137061032, 1.11803398874990, 0.759102087082438, 0.503673440360494, 0.333570525596228, 0.334292433501300, 0.845102369235754, 0.866666666666667, 0.801635785560187, 1.07590271186119, 1.07590271186119, 0.314630771950965, 0.358428487579247, 0.168576682144619, 0.503673440360494, 1.73205080756888, 0.407455895969188, 1.45296631451356, 0.849489642703915, 0.658937033780835, 0.503673440360494, 0.413416564305086, 1.45296631451356, 0.400799600779629], [0.261763838526359, 1.32234053295437, 0.923630591826142, 0.214523441982581, 0.280078032566120, 0.373777971727824, 0.764320484235574, 0.703640246922867, 0.720128103252510, 0.691644369114484, 0.931073271504915, 0.484308043979606, 0.484308043979606, 0.980638933682267, 0.948214846930507, 0.814870882881061, 0.420066107034528, 0.407455895969188, 1.73205080756888, 0.261763838526359, 0.927854113339927, 0.728755435721791, 0.852323608894617, 1.45945195193264, 0.261763838526359, 1.28996688165525], [1.73205080756888, 0.369726945850427, 0.159404100061947, 1.25000000000000, 1.21042342488148, 0.447025792590461, 0.0125771393978445, 0.0253045447520803, 0.483940093904075, 0.800000000000000, 0.403261618171998, 1.43054378971045, 1.43054378971045, 0.212456224608773, 1.00864258763808, 0.0253045447520803, 0.447025792590461, 1.45296631451356, 0.261763838526359, 1.73205080756888, 0.817176711475418, 0.569383890260240, 0.447025792590461, 0.270948806311859, 1.73205080756888, 0.251277376588323], [0.817176711475418, 0.982452234321227, 0.684803281445952, 0.812655008761594, 0.887748534515792, 1.16964644615374, 1.08061122497795, 0.961065643804416, 0.666131301802648, 1.43265487818944, 0.476389089636501, 0.335719955457864, 0.335719955457864, 1.27930609090516, 0.741258106464867, 0.944005917196072, 1.19024531929817, 0.849489642703915, 0.927854113339927, 0.817176711475418, 1.73205080756888, 0.761270898154588, 1.44765198365844, 0.815353406074477, 0.817176711475418, 0.825316407022905], [0.569383890260240, 1.27475487839820, 1.07997527555241, 0.797933590274206, 0.667961674442401, 0.749815231038853, 0.858669791154737, 0.456556808994623, 1.15916930143433, 0.835217897277500, 0.635599243609268, 0.980837764426527, 0.980837764426527, 1.01993464817659, 0.929631531472941, 0.674801971015398, 0.777081420289452, 0.658937033780835, 0.728755435721791, 0.569383890260240, 0.761270898154588, 1.73205080756888, 1.04150030278337, 0.805790170282497, 0.569383890260240, 0.719623304296259], [0.447025792590461, 1.24988914736382, 0.838520866149639, 0.438705419078290, 0.677813024388933, 1.42400062421959, 1.15294066269743, 1.00581747198332, 0.862812321956560, 1.10818446524037, 0.513035497078030, 0.611390659908583, 0.611390659908583, 1.37866382266768, 0.876244820421419, 0.862974126206847, 1.43156652519168, 0.503673440360494, 0.852323608894617, 0.447025792590461, 1.44765198365844, 1.04150030278337, 1.73205080756888, 0.754569118874671, 0.447025792590461, 0.731248482051397], [0.270948806311859, 1.28086581770627, 1.03964650531154, 0.225639658840864, 0.302633867702733, 0.463605555094902, 0.801473561383802, 0.667337987676804, 0.766027283145905, 0.725814955506400, 0.793695769353309, 0.606690043597292, 0.606690043597292, 1.14653509328116, 1.01219697693938, 0.658937033780834, 0.432931993175432, 0.413416564305086, 1.45945195193264, 0.270948806311859, 0.815353406074477, 0.805790170282497, 0.754569118874671, 1.73205080756888, 0.270948806311859, 1.19758006600306], [1.73205080756888, 0.369726945850427, 0.159404100061947, 1.25000000000000, 1.21042342488148, 0.447025792590461, 0.0125771393978445, 0.0253045447520803, 0.483940093904075, 0.800000000000000, 0.403261618171998, 1.43054378971045, 1.43054378971045, 0.212456224608773, 1.00864258763808, 0.0253045447520803, 0.447025792590461, 1.45296631451356, 0.261763838526359, 1.73205080756888, 0.817176711475418, 0.569383890260240, 0.447025792590461, 0.270948806311859, 1.73205080756888, 0.251277376588323], [0.251277376588323, 1.22511764971444, 0.801052933720427, 0.201594444330964, 0.253302101809916, 0.420661083844405, 0.853271825973461, 1.12654852103579, 0.677085016699788, 0.744074708413878, 0.873031717206207, 0.282594886006869, 0.282594886006869, 0.668173281626214, 0.637554856805411, 1.41421356237310, 0.394759994950834, 0.400799600779629, 1.28996688165525, 0.251277376588323, 0.825316407022905, 0.719623304296259, 0.731248482051397, 1.19758006600306, 0.251277376588323, 1.73205080756888]]